IoU: 0.39384772
Cor: 0.02000000
